3 8 5 2 7 9 4 6 1 
2 7 9 4 6 1 3 8 5 
4 6 1 3 8 5 2 7 9 
8 5 2 7 9 4 6 1 3 
7 9 4 6 1 3 8 5 2 
6 1 3 8 5 2 7 9 4 
5 2 7 9 4 6 1 3 8 
9 4 6 1 3 8 5 2 7 
1 3 8 5 2 7 9 4 6 

7 6 8 2 4 3 5 1 9 
2 4 3 5 1 9 7 6 8 
5 1 9 7 6 8 2 4 3 
6 8 2 4 3 5 1 9 7 
4 3 5 1 9 7 6 8 2 
1 9 7 6 8 2 4 3 5 
8 2 4 3 5 1 9 7 6 
3 5 1 9 7 6 8 2 4 
9 7 6 8 2 4 3 5 1 

6 9 8 3 1 4 7 2 5 
3 1 4 7 2 5 6 9 8 
7 2 5 6 9 8 3 1 4 
9 8 3 1 4 7 2 5 6 
1 4 7 2 5 6 9 8 3 
2 5 6 9 8 3 1 4 7 
8 3 1 4 7 2 5 6 9 
4 7 2 5 6 9 8 3 1 
5 6 9 8 3 1 4 7 2 

