ÖÕ¾Ö×´Ì¬£º
9 2 5 6 3 4 7 8 1 
6 3 4 7 8 1 9 2 5 
7 8 1 9 2 5 6 3 4 
2 5 6 3 4 7 8 1 9 
3 4 7 8 1 9 2 5 6 
8 1 9 2 5 6 3 4 7 
5 6 3 4 7 8 1 9 2 
4 7 8 1 9 2 5 6 3 
1 9 2 5 6 3 4 7 8 
-------------------------
ÖÕ¾Ö×´Ì¬£º
5 1 4 8 6 2 3 7 9 
8 6 2 3 7 9 5 1 4 
3 7 9 5 1 4 8 6 2 
1 4 8 6 2 3 7 9 5 
6 2 3 7 9 5 1 4 8 
7 9 5 1 4 8 6 2 3 
4 8 6 2 3 7 9 5 1 
2 3 7 9 5 1 4 8 6 
9 5 1 4 8 6 2 3 7 
-------------------------
ÖÕ¾Ö×´Ì¬£º
4 1 6 7 9 3 5 8 2 
7 9 3 5 8 2 4 1 6 
5 8 2 4 1 6 7 9 3 
1 6 7 9 3 5 8 2 4 
9 3 5 8 2 4 1 6 7 
8 2 4 1 6 7 9 3 5 
6 7 9 3 5 8 2 4 1 
3 5 8 2 4 1 6 7 9 
2 4 1 6 7 9 3 5 8 
-------------------------
