1 4 5 3 2 7 6 9 8 
3 2 7 6 9 8 1 4 5 
6 9 8 1 4 5 3 2 7 
4 5 3 2 7 6 9 8 1 
2 7 6 9 8 1 4 5 3 
9 8 1 4 5 3 2 7 6 
5 3 2 7 6 9 8 1 4 
7 6 9 8 1 4 5 3 2 
8 1 4 5 3 2 7 6 9 

1 4 5 3 2 7 6 9 8 
3 2 7 6 9 8 1 4 5 
6 9 8 1 4 5 3 2 7 
4 5 3 2 7 6 9 8 1 
2 7 6 9 8 1 4 5 3 
9 8 1 4 5 3 2 7 6 
5 3 2 7 6 9 8 1 4 
7 6 9 8 1 4 5 3 2 
8 1 4 5 3 2 7 6 9 

1 4 5 3 2 7 6 8 9 
3 2 7 6 8 9 1 4 5 
6 8 9 1 4 5 3 2 7 
4 5 3 2 7 6 8 9 1 
2 7 6 8 9 1 4 5 3 
8 9 1 4 5 3 2 7 6 
5 3 2 7 6 8 9 1 4 
7 6 8 9 1 4 5 3 2 
9 1 4 5 3 2 7 6 8 

1 4 5 3 2 7 9 6 8 
3 2 7 9 6 8 1 4 5 
9 6 8 1 4 5 3 2 7 
4 5 3 2 7 9 6 8 1 
2 7 9 6 8 1 4 5 3 
6 8 1 4 5 3 2 7 9 
5 3 2 7 9 6 8 1 4 
7 9 6 8 1 4 5 3 2 
8 1 4 5 3 2 7 9 6 

1 4 5 3 2 7 9 8 6 
3 2 7 9 8 6 1 4 5 
9 8 6 1 4 5 3 2 7 
4 5 3 2 7 9 8 6 1 
2 7 9 8 6 1 4 5 3 
8 6 1 4 5 3 2 7 9 
5 3 2 7 9 8 6 1 4 
7 9 8 6 1 4 5 3 2 
6 1 4 5 3 2 7 9 8 

1 4 5 3 2 7 8 6 9 
3 2 7 8 6 9 1 4 5 
8 6 9 1 4 5 3 2 7 
4 5 3 2 7 8 6 9 1 
2 7 8 6 9 1 4 5 3 
6 9 1 4 5 3 2 7 8 
5 3 2 7 8 6 9 1 4 
7 8 6 9 1 4 5 3 2 
9 1 4 5 3 2 7 8 6 

1 4 5 3 2 7 8 9 6 
3 2 7 8 9 6 1 4 5 
8 9 6 1 4 5 3 2 7 
4 5 3 2 7 8 9 6 1 
2 7 8 9 6 1 4 5 3 
9 6 1 4 5 3 2 7 8 
5 3 2 7 8 9 6 1 4 
7 8 9 6 1 4 5 3 2 
6 1 4 5 3 2 7 8 9 

1 4 5 3 2 6 7 9 8 
3 2 6 7 9 8 1 4 5 
7 9 8 1 4 5 3 2 6 
4 5 3 2 6 7 9 8 1 
2 6 7 9 8 1 4 5 3 
9 8 1 4 5 3 2 6 7 
5 3 2 6 7 9 8 1 4 
6 7 9 8 1 4 5 3 2 
8 1 4 5 3 2 6 7 9 

1 4 5 3 2 6 7 8 9 
3 2 6 7 8 9 1 4 5 
7 8 9 1 4 5 3 2 6 
4 5 3 2 6 7 8 9 1 
2 6 7 8 9 1 4 5 3 
8 9 1 4 5 3 2 6 7 
5 3 2 6 7 8 9 1 4 
6 7 8 9 1 4 5 3 2 
9 1 4 5 3 2 6 7 8 

1 4 5 3 2 6 9 7 8 
3 2 6 9 7 8 1 4 5 
9 7 8 1 4 5 3 2 6 
4 5 3 2 6 9 7 8 1 
2 6 9 7 8 1 4 5 3 
7 8 1 4 5 3 2 6 9 
5 3 2 6 9 7 8 1 4 
6 9 7 8 1 4 5 3 2 
8 1 4 5 3 2 6 9 7 

1 4 5 3 2 6 9 8 7 
3 2 6 9 8 7 1 4 5 
9 8 7 1 4 5 3 2 6 
4 5 3 2 6 9 8 7 1 
2 6 9 8 7 1 4 5 3 
8 7 1 4 5 3 2 6 9 
5 3 2 6 9 8 7 1 4 
6 9 8 7 1 4 5 3 2 
7 1 4 5 3 2 6 9 8 

