Start: 
4 8 2 $ 9 $ $ $ 7 
$ 9 $ $ $ $ 4 8 $ 
6 $ $ $ $ 2 5 $ 1 
8 $ 5 9 $ 6 $ 7 $ 
9 1 $ 3 $ 4 $ $ $ 
$ 7 $ $ $ $ 9 1 6 
2 $ 9 1 $ 3 7 4 $ 
1 6 $ $ 4 $ $ 5 9 
7 $ 8 2 5 9 $ 6 3 
-------------------------
Final board: 
4 8 2 5 9 1 6 3 7 
5 9 1 6 3 7 4 8 2 
6 3 7 4 8 2 5 9 1 
8 2 5 9 1 6 3 7 4 
9 1 6 3 7 4 8 2 5 
3 7 4 8 2 5 9 1 6 
2 5 9 1 6 3 7 4 8 
1 6 3 7 4 8 2 5 9 
7 4 8 2 5 9 1 6 3 
-------------------------
Start: 
3 6 9 8 5 7 $ 4 $ 
8 5 $ $ 4 2 $ 6 9 
1 $ $ $ 6 9 8 5 7 
6 9 8 $ 7 $ $ $ 3 
$ $ 1 4 $ $ 6 $ $ 
4 2 3 6 9 $ $ 7 $ 
9 8 5 $ 1 $ 2 $ $ 
$ $ $ $ 3 $ 9 8 $ 
$ $ $ $ 8 $ $ 1 4 
-------------------------
Final board: 
3 6 9 8 5 7 1 4 2 
8 5 7 1 4 2 3 6 9 
1 4 2 3 6 9 8 5 7 
6 9 8 5 7 1 4 2 3 
5 7 1 4 2 3 6 9 8 
4 2 3 6 9 8 5 7 1 
9 8 5 7 1 4 2 3 6 
7 1 4 2 3 6 9 8 5 
2 3 6 9 8 5 7 1 4 
-------------------------
Start: 
$ 8 $ $ $ 7 4 5 $ 
$ 6 7 $ 5 $ 1 8 9 
4 $ 2 1 8 $ 3 6 7 
8 $ $ $ 7 4 5 2 $ 
6 7 4 $ 2 1 8 9 $ 
5 $ 1 $ $ $ 6 7 4 
9 $ $ 7 $ 5 2 1 8 
7 $ $ $ 1 $ 9 3 6 
2 1 $ 9 $ 6 7 $ 5 
-------------------------
Final board: 
1 8 9 3 6 7 4 5 2 
3 6 7 4 5 2 1 8 9 
4 5 2 1 8 9 3 6 7 
8 9 3 6 7 4 5 2 1 
6 7 4 5 2 1 8 9 3 
5 2 1 8 9 3 6 7 4 
9 3 6 7 4 5 2 1 8 
7 4 5 2 1 8 9 3 6 
2 1 8 9 3 6 7 4 5 
-------------------------
